000000111
100010001
000111000
000000111
000111000
001001001
100010001
000111000
000000111
100010001
111000000
111000000
010010010
111000000
001010100
111000000
100100100
001001001
111000000
000000111
111000000
001001001
111000000
001001001
001001001
111000000
000000111
001010100
100100100
000111000
100010001
001001001
001010100
001010100
100100100
000111000
111000000
001010100
000000111
000111000
111000000
001010100
000111000
000111000
000000111
100100100
001010100
111000000
100100100
100010001
100010001
000000111
001010100
000111000
000000111
111000000
010010010
010010010
000000111
010010010
010010010
010010010
000111000
010010010
000111000
111000000
001010100
000111000
100100100
001010100
000111000
111000000
100010001
000111000
001001001
111000000
100010001
111000000
100100100
000111000
100100100
001010100
000111000
100100100
100010001
100100100
111000000
000111000
100100100
001010100
111000000
001010100
000111000
100100100
000000111
001001001
100010001
010010010
010010010
000111000
